22.88,2.81,0.95,924.88,Avocado
17.28,2.75,0.85,827.12,Avocado
21.13,6.63,0.68,665.85,Avocado
21.02,3.88,1.0,976.69,Avocado
22.0,3.67,0.82,802.69,Avocado
17.65,4.22,1.0,976.69,Avocado
14.19,5.64,0.99,968.87,Avocado
21.17,6.04,0.66,646.3,Avocado
17.58,5.03,0.87,851.56,Avocado
15.09,3.81,0.8,778.25,Avocado
24.61,4.54,0.8,778.25,Avocado
22.31,4.64,1.0,976.69,Avocado
17.67,4.71,1.0,976.69,Avocado
16.8,6.45,0.84,825.17,Avocado
13.48,3.04,0.8,778.25,Avocado
23.79,7.45,0.61,595.49,Avocado
14.18,5.29,0.97,949.32,Avocado
23.28,3.51,1.0,976.69,Avocado
20.84,5.26,0.94,922.92,Avocado
19.39,3.77,0.82,797.8,Avocado
14.55,4.49,0.82,802.69,Avocado
12.85,5.49,0.66,646.3,Avocado
17.56,7.01,0.87,851.56,Avocado
12.88,3.91,1.0,976.69,Avocado
24.3,4.61,0.82,802.69,Avocado
16.18,3.65,0.82,802.69,Avocado
13.16,3.47,1.0,976.69,Avocado
20.64,5.53,0.99,968.87,Avocado
15.83,5.39,0.95,924.88,Avocado
23.43,6.81,0.66,646.3,Avocado
21.96,7.18,0.66,646.3,Avocado
14.21,4.08,0.8,776.29,Avocado
25.0,7.29,0.68,665.85,Avocado
22.58,6.05,0.97,949.32,Avocado
12.72,6.46,0.66,646.3,Avocado
21.52,7.16,0.97,949.32,Avocado
20.26,5.92,0.66,646.3,Avocado
24.32,3.22,0.8,778.25,Avocado
17.33,6.33,0.82,800.73,Avocado
16.06,5.32,0.66,641.42,Avocado
21.57,3.01,1.0,976.69,Avocado
12.57,4.0,0.8,778.25,Avocado
14.69,7.1,0.99,968.87,Avocado
12.53,3.64,1.0,976.69,Avocado
14.96,6.24,0.66,641.42,Avocado
19.56,4.2,0.8,776.29,Avocado
24.68,5.64,0.64,621.87,Avocado
13.87,4.75,1.0,976.69,Avocado
18.06,4.8,1.0,976.69,Avocado
16.93,4.11,1.0,976.69,Avocado
19.33,6.11,0.64,134.0,Clover
17.19,5.56,1.0,211.13,Clover
15.73,4.25,0.79,166.75,Clover
23.24,3.42,1.0,211.13,Clover
22.68,5.11,0.64,134.0,Clover
18.48,4.9,0.82,173.51,Clover
20.08,3.23,0.82,172.46,Clover
19.5,5.62,0.66,139.71,Clover
17.09,4.4,1.0,211.13,Clover
18.33,5.58,0.66,139.71,Clover
16.99,7.16,0.82,173.09,Clover
19.63,6.26,0.64,134.0,Clover
24.53,7.21,0.64,134.0,Clover
21.63,3.88,1.0,211.13,Clover
20.03,4.14,1.0,211.13,Clover
16.1,4.19,0.82,173.51,Clover
15.83,4.61,0.82,172.46,Clover
24.58,5.43,0.66,139.71,Clover
12.49,5.94,0.66,138.65,Clover
17.67,6.45,0.86,182.6,Clover
23.68,4.12,0.82,173.51,Clover
24.33,3.74,1.0,211.13,Clover
22.53,3.42,0.8,168.23,Clover
17.94,7.22,1.0,211.13,Clover
14.11,5.94,0.9,189.36,Clover
20.17,3.61,0.84,177.74,Clover
12.6,3.61,1.0,211.13,Clover
21.68,7.45,0.9,188.94,Clover
12.33,4.85,0.8,167.81,Clover
15.21,2.54,0.64,134.0,Clover
19.52,4.54,0.8,167.81,Clover
20.73,6.19,0.68,143.93,Clover
16.96,6.36,0.85,178.79,Clover
13.37,2.9,1.0,211.13,Clover
15.04,4.18,1.0,211.13,Clover
24.95,3.04,0.82,173.51,Clover
14.91,3.06,0.84,177.74,Clover
23.54,4.23,1.0,211.13,Clover
17.1,3.01,1.0,211.13,Clover
12.34,6.67,0.68,143.93,Clover
20.54,7.19,0.66,138.23,Clover
12.92,7.06,0.66,138.65,Clover
19.52,2.55,0.64,134.43,Clover
18.13,5.53,0.99,209.44,Clover
12.09,4.74,0.8,168.23,Clover
24.13,5.15,0.66,139.71,Clover
12.11,6.45,0.9,190.42,Clover
22.49,4.01,0.8,168.23,Clover
22.0,7.07,0.95,199.93,Clover
24.01,4.95,1.0,211.13,Clover
17.68,7.17,0.85,750.31,Sunflower
18.0,4.52,1.0,885.99,Sunflower
17.96,3.41,1.0,885.99,Sunflower
16.74,3.42,0.82,723.7,Sunflower
14.44,3.06,0.84,745.87,Sunflower
24.32,4.57,1.0,885.99,Sunflower
23.69,4.98,0.82,728.14,Sunflower
15.25,6.11,0.66,586.28,Sunflower
19.66,3.28,0.79,699.76,Sunflower
21.45,5.46,0.68,604.01,Sunflower
19.16,4.4,1.0,885.99,Sunflower
24.47,6.32,0.64,564.12,Sunflower
13.14,4.7,1.0,885.99,Sunflower
17.2,3.61,1.0,885.99,Sunflower
17.1,6.59,0.86,766.27,Sunflower
19.7,6.51,0.66,586.28,Sunflower
23.47,6.53,0.66,581.85,Sunflower
21.34,4.35,0.82,728.14,Sunflower
20.13,4.89,1.0,885.99,Sunflower
13.78,7.09,0.66,581.85,Sunflower
17.83,4.81,1.0,885.99,Sunflower
17.49,6.75,1.0,885.99,Sunflower
14.42,4.52,0.8,704.2,Sunflower
12.45,3.27,0.8,704.2,Sunflower
15.24,5.26,0.66,581.85,Sunflower
19.37,5.55,0.66,581.85,Sunflower
16.55,2.68,0.97,861.15,Sunflower
15.2,3.76,0.82,723.7,Sunflower
14.88,3.74,1.0,885.99,Sunflower
13.39,6.61,0.88,775.13,Sunflower
17.35,5.19,0.89,790.21,Sunflower
21.22,5.98,0.64,564.12,Sunflower
19.85,4.06,0.84,745.87,Sunflower
15.05,2.66,0.66,586.28,Sunflower
15.33,3.53,0.84,745.87,Sunflower
14.03,4.53,0.82,728.14,Sunflower
19.21,3.26,0.82,728.14,Sunflower
20.6,6.46,0.66,586.28,Sunflower
21.97,4.64,0.82,728.14,Sunflower
13.81,7.34,0.66,580.08,Sunflower
19.79,5.68,0.64,564.12,Sunflower
24.94,3.61,1.0,885.99,Sunflower
18.08,3.27,1.0,885.99,Sunflower
21.58,7.18,0.66,586.28,Sunflower
17.04,2.94,1.0,885.99,Sunflower
15.08,4.92,0.8,705.97,Sunflower
21.7,2.58,0.61,540.18,Sunflower
23.09,6.76,0.99,878.89,Sunflower
18.85,2.68,0.64,564.12,Sunflower
22.05,7.44,0.64,562.35,Sunflower